Case #0
 [[ 1  0  0  0  0  0  0  8  9  0 11  0  0  0  0 16]
 [ 5  0  0  8  9  0 11  0  0 14 15 16  0  0  3  0]
 [ 9  0 11  0 13 14 15  0  0  2  0  0  5  6  7  8]
 [ 0  0  0  0  0  2  0  4  0  0  7  8  9 10 11 12]
 [ 2  0  4  5  6  0  8  9  0  0  0  0  0 15 16  0]
 [ 6  7  8  0  0  0 12  0  0  0 16  1  0  3  0  0]
 [10 11  0  0 14 15 16  1  2  3  4  5  6  0  8  9]
 [14 15  0  0  2  3  0  0  6  7  0  9  0 11  0  0]
 [ 3  0  5  6  0  0  0 10  0 12 13 14  0  0  1  0]
 [ 7  8  0 10 11 12  0 14 15 16  1  2  3  0  5  6]
 [11 12 13  0 15  0  1  0  3  4  5  6  7  8  0  0]
 [15 16  1  2  0  4  5  6  0  0  9  0  0 12  0 14]
 [ 4  5  6  7  8  9  0  0 12 13 14 15 16  0  0  3]
 [ 0  9  0  0 12  0 14 15  0  1  2  0  0  5  6  7]
 [12  0 14 15  0  0  2  0  4  0  0  0  8  9  0  0]
 [16  0  2  3  4  5  6  7  8  0  0  0 12  0  0 15]] True
Case number 0 has 4 solutions. They are:

[[ 1  2  3  4  5  6  7  8  9 10 11 12 13 14 15 16]
 [ 5  6  7  8  9 10 11 12 13 14 15 16  1  2  3  4]
 [ 9 10 11 12 13 14 15 16  1  2  3  4  5  6  7  8]
 [13 14 15 16  1  2  3  4  5  6  7  8  9 10 11 12]
 [ 2  3  4  5  6  7  8  9 10 11 12 13 14 15 16  1]
 [ 6  7  8  9 10 11 12  5 14 15 16  1  2  3  4 13]
 [10 11 12 13 14 15 16  1  2  3  4  5  6  7  8  9]
 [14 15 16  1  2  3  4 13  6  7  8  9 10 11 12  5]
 [ 3  4  5  6  7  8  9 10 11 12 13 14 15 16  1  2]
 [ 7  8  9 10 11 12 13 14 15 16  1  2  3  4  5  6]
 [11 12 13 14 15 16  1  2  3  4  5  6  7  8  9 10]
 [15 16  1  2  3  4  5  6  7  8  9 10 11 12 13 14]
 [ 4  5  6  7  8  9 10 11 12 13 14 15 16  1  2  3]
 [ 8  9 10 11 12 13 14 15 16  1  2  3  4  5  6  7]
 [12 13 14 15 16  1  2  3  4  5  6  7  8  9 10 11]
 [16  1  2  3  4  5  6  7  8  9 10 11 12 13 14 15]]
[[ 1  2  3  4  5  6  7  8  9 10 11 12 13 14 15 16]
 [ 5  6  7  8  9 10 11 12 13 14 15 16  1  2  3  4]
 [ 9 10 11 12 13 14 15 16  1  2  3  4  5  6  7  8]
 [13 14 15 16  1  2  3  4  5  6  7  8  9 10 11 12]
 [ 2  3  4  5  6  7  8  9 10 11 12 13 14 15 16  1]
 [ 6  7  8  9 10 11 12 13 14 15 16  1  2  3  4  5]
 [10 11 12 13 14 15 16  1  2  3  4  5  6  7  8  9]
 [14 15 16  1  2  3  4  5  6  7  8  9 10 11 12 13]
 [ 3  4  5  6  7  8  9 10 11 12 13 14 15 16  1  2]
 [ 7  8  9 10 11 12 13 14 15 16  1  2  3  4  5  6]
 [11 12 13 14 15 16  1  2  3  4  5  6  7  8  9 10]
 [15 16  1  2  3  4  5  6  7  8  9 10 11 12 13 14]
 [ 4  5  6  7  8  9 10 11 12 13 14 15 16  1  2  3]
 [ 8  9 10 11 12 13 14 15 16  1  2  3  4  5  6  7]
 [12 13 14 15 16  1  2  3  4  5  6  7  8  9 10 11]
 [16  1  2  3  4  5  6  7  8  9 10 11 12 13 14 15]]
[[ 1  2  3 12  5  6  7  8  9 10 11  4 13 14 15 16]
 [ 5  6  7  8  9 10 11 12 13 14 15 16  1  2  3  4]
 [ 9 10 11  4 13 14 15 16  1  2  3 12  5  6  7  8]
 [13 14 15 16  1  2  3  4  5  6  7  8  9 10 11 12]
 [ 2  3  4  5  6  7  8  9 10 11 12 13 14 15 16  1]
 [ 6  7  8  9 10 11 12  5 14 15 16  1  2  3  4 13]
 [10 11 12 13 14 15 16  1  2  3  4  5  6  7  8  9]
 [14 15 16  1  2  3  4 13  6  7  8  9 10 11 12  5]
 [ 3  4  5  6  7  8  9 10 11 12 13 14 15 16  1  2]
 [ 7  8  9 10 11 12 13 14 15 16  1  2  3  4  5  6]
 [11 12 13 14 15 16  1  2  3  4  5  6  7  8  9 10]
 [15 16  1  2  3  4  5  6  7  8  9 10 11 12 13 14]
 [ 4  5  6  7  8  9 10 11 12 13 14 15 16  1  2  3]
 [ 8  9 10 11 12 13 14 15 16  1  2  3  4  5  6  7]
 [12 13 14 15 16  1  2  3  4  5  6  7  8  9 10 11]
 [16  1  2  3  4  5  6  7  8  9 10 11 12 13 14 15]]
[[ 1  2  3 12  5  6  7  8  9 10 11  4 13 14 15 16]
 [ 5  6  7  8  9 10 11 12 13 14 15 16  1  2  3  4]
 [ 9 10 11  4 13 14 15 16  1  2  3 12  5  6  7  8]
 [13 14 15 16  1  2  3  4  5  6  7  8  9 10 11 12]
 [ 2  3  4  5  6  7  8  9 10 11 12 13 14 15 16  1]
 [ 6  7  8  9 10 11 12 13 14 15 16  1  2  3  4  5]
 [10 11 12 13 14 15 16  1  2  3  4  5  6  7  8  9]
 [14 15 16  1  2  3  4  5  6  7  8  9 10 11 12 13]
 [ 3  4  5  6  7  8  9 10 11 12 13 14 15 16  1  2]
 [ 7  8  9 10 11 12 13 14 15 16  1  2  3  4  5  6]
 [11 12 13 14 15 16  1  2  3  4  5  6  7  8  9 10]
 [15 16  1  2  3  4  5  6  7  8  9 10 11 12 13 14]
 [ 4  5  6  7  8  9 10 11 12 13 14 15 16  1  2  3]
 [ 8  9 10 11 12 13 14 15 16  1  2  3  4  5  6  7]
 [12 13 14 15 16  1  2  3  4  5  6  7  8  9 10 11]
 [16  1  2  3  4  5  6  7  8  9 10 11 12 13 14 15]]
