Case #0
 [[0 0 0 4 5 0 0 8 9]
 [4 0 6 7 8 0 1 2 0]
 [7 8 0 0 0 0 4 0 0]
 [0 0 0 0 6 0 8 9 1]
 [5 6 0 0 9 0 0 0 0]
 [0 0 1 2 3 0 0 0 0]
 [0 4 5 6 7 8 0 0 0]
 [0 7 0 9 0 2 0 0 0]
 [0 1 0 0 0 0 0 0 0]] True 3
setting value 2 at point (0, 1)

setting value 5 at point (2, 7)

setting value 4 at point (3, 2)

setting value 3 at point (6, 0)

Case number 0
 [[1 2 3 4 5 6 7 8 9]
 [4 5 6 7 8 9 1 2 3]
 [7 8 9 1 2 3 4 5 6]
 [2 3 4 5 6 7 8 9 1]
 [5 6 7 8 9 1 2 3 4]
 [8 9 1 2 3 4 5 6 7]
 [3 4 5 6 7 8 9 1 2]
 [6 7 8 9 1 2 3 4 5]
 [9 1 2 3 4 5 6 7 8]] True
possibilities number : 
 [[1 1 1 1 1 1 1 1 1]
 [1 1 1 1 1 1 1 1 1]
 [1 1 1 1 1 1 1 1 1]
 [1 1 1 1 1 1 1 1 1]
 [1 1 1 1 1 1 1 1 1]
 [1 1 1 1 1 1 1 1 1]
 [1 1 1 1 1 1 1 1 1]
 [1 1 1 1 1 1 1 1 1]
 [1 1 1 1 1 1 1 1 1]]
Case #1
 [[0 2 0 0 0 6 7 0 0]
 [0 0 6 0 0 0 1 0 3]
 [0 0 0 0 2 0 4 5 0]
 [0 0 4 5 6 7 0 0 0]
 [0 0 7 8 0 0 2 3 0]
 [8 0 1 2 0 4 0 6 7]
 [0 0 5 0 0 8 0 0 0]
 [0 7 0 0 1 0 0 0 0]
 [0 0 0 3 4 0 6 7 8]] True 3
setting value 1 at point (0, 0)

setting value 4 at point (1, 0)

setting value 3 at point (6, 0)

Case number 1
 [[1 2 3 4 5 6 7 8 9]
 [4 5 6 7 8 9 1 2 3]
 [7 8 9 1 2 3 4 5 6]
 [2 3 4 5 6 7 8 9 1]
 [5 6 7 8 9 1 2 3 4]
 [8 9 1 2 3 4 5 6 7]
 [3 4 5 6 7 8 9 1 2]
 [6 7 8 9 1 2 3 4 5]
 [9 1 2 3 4 5 6 7 8]] True
possibilities number : 
 [[1 1 1 1 1 1 1 1 1]
 [1 1 1 1 1 1 1 1 1]
 [1 1 1 1 1 1 1 1 1]
 [1 1 1 1 1 1 1 1 1]
 [1 1 1 1 1 1 1 1 1]
 [1 1 1 1 1 1 1 1 1]
 [1 1 1 1 1 1 1 1 1]
 [1 1 1 1 1 1 1 1 1]
 [1 1 1 1 1 1 1 1 1]]
Case #2
 [[1 2 0 4 5 6 0 8 9]
 [0 0 6 7 8 0 1 0 3]
 [0 0 9 1 0 3 0 0 0]
 [2 0 4 5 0 7 0 0 0]
 [5 0 0 8 9 1 2 0 0]
 [0 0 0 2 3 4 5 0 0]
 [0 0 5 0 0 8 9 0 0]
 [0 7 8 0 0 2 0 0 0]
 [0 1 0 3 0 5 0 0 8]] True 3
setting value 4 at point (2, 6)

setting value 5 at point (2, 7)

setting value 3 at point (3, 1)

setting value 1 at point (6, 4)

Case number 2
 [[1 2 3 4 5 6 7 8 9]
 [4 5 6 7 8 9 1 2 3]
 [7 8 9 1 2 3 4 5 6]
 [2 3 4 5 6 7 8 9 1]
 [5 6 7 8 9 1 2 3 4]
 [8 9 1 2 3 4 5 6 7]
 [3 4 5 6 1 8 9 7 2]
 [6 7 8 9 4 2 3 1 5]
 [9 1 2 3 7 5 6 4 8]] True
possibilities number : 
 [[1 1 1 1 1 1 1 1 1]
 [1 1 1 1 1 1 1 1 1]
 [1 1 1 1 1 1 1 1 1]
 [1 1 1 1 1 1 1 1 1]
 [1 1 1 1 1 1 1 1 1]
 [1 1 1 1 1 1 1 1 1]
 [1 1 1 1 1 1 1 1 1]
 [1 1 1 1 1 1 1 1 1]
 [1 1 1 1 1 1 1 1 1]]
Case #3
 [[1 0 0 4 5 6 0 8 0]
 [4 5 0 7 0 0 0 2 0]
 [0 0 0 0 2 0 0 0 6]
 [0 3 4 0 0 0 0 0 1]
 [0 6 0 8 9 0 0 0 0]
 [8 9 1 0 0 0 0 6 0]
 [3 4 5 0 7 0 9 0 0]
 [6 0 0 0 0 0 3 0 5]
 [9 0 0 0 0 5 0 7 8]] True 3
setting value 3 at point (0, 2)

setting value 2 at point (3, 0)

Case number 3
 [[1 2 3 4 5 6 7 8 9]
 [4 5 6 7 8 9 1 2 3]
 [7 8 9 1 2 3 4 5 6]
 [2 3 4 5 6 7 8 9 1]
 [5 6 7 8 9 1 2 3 4]
 [8 9 1 2 3 4 5 6 7]
 [3 4 5 6 7 8 9 1 2]
 [6 7 8 9 1 2 3 4 5]
 [9 1 2 3 4 5 6 7 8]] True
possibilities number : 
 [[1 1 1 1 1 1 1 1 1]
 [1 1 1 1 1 1 1 1 1]
 [1 1 1 1 1 1 1 1 1]
 [1 1 1 1 1 1 1 1 1]
 [1 1 1 1 1 1 1 1 1]
 [1 1 1 1 1 1 1 1 1]
 [1 1 1 1 1 1 1 1 1]
 [1 1 1 1 1 1 1 1 1]
 [1 1 1 1 1 1 1 1 1]]
Case #4
 [[1 2 0 0 0 6 7 0 9]
 [0 5 0 0 8 0 0 0 0]
 [0 0 9 1 2 0 0 5 0]
 [0 0 0 0 6 7 0 9 1]
 [5 0 7 8 9 0 2 0 0]
 [0 9 1 2 0 4 0 0 7]
 [0 0 0 0 7 0 0 0 0]
 [0 7 0 9 0 2 3 4 5]
 [0 0 0 0 4 0 6 0 0]] True 3
setting value 3 at point (0, 2)

setting value 2 at point (3, 0)

setting value 2 at point (6, 2)

Case number 4
 [[1 2 3 4 5 6 7 8 9]
 [4 5 6 7 8 9 1 2 3]
 [7 8 9 1 2 3 4 5 6]
 [2 3 4 5 6 7 8 9 1]
 [5 6 7 8 9 1 2 3 4]
 [8 9 1 2 3 4 5 6 7]
 [3 4 2 6 7 5 9 1 8]
 [6 7 8 9 1 2 3 4 5]
 [9 1 5 3 4 8 6 7 2]] True
possibilities number : 
 [[1 1 1 1 1 1 1 1 1]
 [1 1 1 1 1 1 1 1 1]
 [1 1 1 1 1 1 1 1 1]
 [1 1 1 1 1 1 1 1 1]
 [1 1 1 1 1 1 1 1 1]
 [1 1 1 1 1 1 1 1 1]
 [1 1 1 1 1 1 1 1 1]
 [1 1 1 1 1 1 1 1 1]
 [1 1 1 1 1 1 1 1 1]]
