Case #0 [[0 0 0 4 5 6 0 8 9]
 [4 5 6 7 8 0 1 2 0]
 [7 8 0 0 0 0 4 5 0]
 [0 0 4 0 6 0 8 9 1]
 [5 6 7 0 9 1 2 3 0]
 [0 0 1 2 3 0 0 0 0]
 [3 4 5 6 7 8 0 0 0]
 [6 7 0 9 0 2 0 0 0]
 [9 1 0 0 0 0 0 0 0]] True
Case number 0 [[1 2 3 4 5 6 7 8 9]
 [4 5 6 7 8 9 1 2 3]
 [7 8 9 1 2 3 4 5 6]
 [2 3 4 5 6 7 8 9 1]
 [5 6 7 8 9 1 2 3 4]
 [8 9 1 2 3 4 5 6 7]
 [3 4 5 6 7 8 9 1 2]
 [6 7 8 9 1 2 3 4 5]
 [9 1 2 3 4 5 6 7 8]] True number of loops = 3
possibilities number :  [[1 1 1 1 1 1 1 1 1]
 [1 1 1 1 1 1 1 1 1]
 [1 1 1 1 1 1 1 1 1]
 [1 1 1 1 1 1 1 1 1]
 [1 1 1 1 1 1 1 1 1]
 [1 1 1 1 1 1 1 1 1]
 [1 1 1 1 1 1 1 1 1]
 [1 1 1 1 1 1 1 1 1]
 [1 1 1 1 1 1 1 1 1]]
Case #1 [[0 0 0 4 5 6 0 8 9]
 [4 5 6 7 8 0 1 2 0]
 [7 8 0 0 0 0 4 5 0]
 [0 0 4 0 6 0 8 9 1]
 [5 6 7 0 9 1 2 3 0]
 [0 0 1 2 3 0 0 0 0]
 [3 4 5 6 7 8 0 0 0]
 [6 7 0 9 0 2 0 0 0]
 [9 1 0 0 0 0 0 0 0]] True
Case number 1 [[1 2 3 4 5 6 7 8 9]
 [4 5 6 7 8 9 1 2 3]
 [7 8 9 1 2 3 4 5 6]
 [2 3 4 5 6 7 8 9 1]
 [5 6 7 8 9 1 2 3 4]
 [8 9 1 2 3 4 5 6 7]
 [3 4 5 6 7 8 9 1 2]
 [6 7 8 9 1 2 3 4 5]
 [9 1 2 3 4 5 6 7 8]] True number of loops = 3
possibilities number :  [[1 1 1 1 1 1 1 1 1]
 [1 1 1 1 1 1 1 1 1]
 [1 1 1 1 1 1 1 1 1]
 [1 1 1 1 1 1 1 1 1]
 [1 1 1 1 1 1 1 1 1]
 [1 1 1 1 1 1 1 1 1]
 [1 1 1 1 1 1 1 1 1]
 [1 1 1 1 1 1 1 1 1]
 [1 1 1 1 1 1 1 1 1]]
Case #2 [[0 0 0 4 5 6 0 8 9]
 [4 5 6 7 8 0 1 2 0]
 [7 8 0 0 0 0 4 5 0]
 [0 0 4 0 6 0 8 9 1]
 [5 6 7 0 9 1 2 3 0]
 [0 0 1 2 3 0 0 0 0]
 [3 4 5 6 7 8 0 0 0]
 [6 7 0 9 0 2 0 0 0]
 [9 1 0 0 0 0 0 0 0]] True
Case number 2 [[1 2 3 4 5 6 7 8 9]
 [4 5 6 7 8 9 1 2 3]
 [7 8 9 1 2 3 4 5 6]
 [2 3 4 5 6 7 8 9 1]
 [5 6 7 8 9 1 2 3 4]
 [8 9 1 2 3 4 5 6 7]
 [3 4 5 6 7 8 9 1 2]
 [6 7 8 9 1 2 3 4 5]
 [9 1 2 3 4 5 6 7 8]] True number of loops = 3
possibilities number :  [[1 1 1 1 1 1 1 1 1]
 [1 1 1 1 1 1 1 1 1]
 [1 1 1 1 1 1 1 1 1]
 [1 1 1 1 1 1 1 1 1]
 [1 1 1 1 1 1 1 1 1]
 [1 1 1 1 1 1 1 1 1]
 [1 1 1 1 1 1 1 1 1]
 [1 1 1 1 1 1 1 1 1]
 [1 1 1 1 1 1 1 1 1]]
Case #3 [[0 0 0 4 5 6 0 8 9]
 [4 5 6 7 8 0 1 2 0]
 [7 8 0 0 0 0 4 5 0]
 [0 0 4 0 6 0 8 9 1]
 [5 6 7 0 9 1 2 3 0]
 [0 0 1 2 3 0 0 0 0]
 [3 4 5 6 7 8 0 0 0]
 [6 7 0 9 0 2 0 0 0]
 [9 1 0 0 0 0 0 0 0]] True
Case number 3 [[1 2 3 4 5 6 7 8 9]
 [4 5 6 7 8 9 1 2 3]
 [7 8 9 1 2 3 4 5 6]
 [2 3 4 5 6 7 8 9 1]
 [5 6 7 8 9 1 2 3 4]
 [8 9 1 2 3 4 5 6 7]
 [3 4 5 6 7 8 9 1 2]
 [6 7 8 9 1 2 3 4 5]
 [9 1 2 3 4 5 6 7 8]] True number of loops = 3
possibilities number :  [[1 1 1 1 1 1 1 1 1]
 [1 1 1 1 1 1 1 1 1]
 [1 1 1 1 1 1 1 1 1]
 [1 1 1 1 1 1 1 1 1]
 [1 1 1 1 1 1 1 1 1]
 [1 1 1 1 1 1 1 1 1]
 [1 1 1 1 1 1 1 1 1]
 [1 1 1 1 1 1 1 1 1]
 [1 1 1 1 1 1 1 1 1]]
Case #4 [[0 0 0 4 5 6 0 8 9]
 [4 5 6 7 8 0 1 2 0]
 [7 8 0 0 0 0 4 5 0]
 [0 0 4 0 6 0 8 9 1]
 [5 6 7 0 9 1 2 3 0]
 [0 0 1 2 3 0 0 0 0]
 [3 4 5 6 7 8 0 0 0]
 [6 7 0 9 0 2 0 0 0]
 [9 1 0 0 0 0 0 0 0]] True
Case number 4 [[1 2 3 4 5 6 7 8 9]
 [4 5 6 7 8 9 1 2 3]
 [7 8 9 1 2 3 4 5 6]
 [2 3 4 5 6 7 8 9 1]
 [5 6 7 8 9 1 2 3 4]
 [8 9 1 2 3 4 5 6 7]
 [3 4 5 6 7 8 9 1 2]
 [6 7 8 9 1 2 3 4 5]
 [9 1 2 3 4 5 6 7 8]] True number of loops = 3
possibilities number :  [[1 1 1 1 1 1 1 1 1]
 [1 1 1 1 1 1 1 1 1]
 [1 1 1 1 1 1 1 1 1]
 [1 1 1 1 1 1 1 1 1]
 [1 1 1 1 1 1 1 1 1]
 [1 1 1 1 1 1 1 1 1]
 [1 1 1 1 1 1 1 1 1]
 [1 1 1 1 1 1 1 1 1]
 [1 1 1 1 1 1 1 1 1]]
[[1 2 3 4 5 6 7 8 9]
 [4 5 6 7 8 9 1 2 3]
 [7 8 9 1 2 3 4 5 6]
 [2 3 4 5 6 7 8 9 1]
 [5 6 7 8 9 1 2 3 4]
 [8 9 1 2 3 4 5 6 7]
 [3 4 5 6 7 8 9 1 2]
 [6 7 8 9 1 2 3 4 5]
 [9 1 2 3 4 5 6 7 8]] True number of loops = 3
[False False False False  True False False False False False]
